[gd_scene load_steps=10 format=2]

[ext_resource path="res://assets/prefabs/objects/table.tscn" type="PackedScene" id=1]
[ext_resource path="res://assets/prefabs/characters/customer.tscn" type="PackedScene" id=2]
[ext_resource path="res://assets/prefabs/objects/kitchenbar.tscn" type="PackedScene" id=3]
[ext_resource path="res://assets/prefabs/managers/CustomerManager.tscn" type="PackedScene" id=4]

[sub_resource type="VisualShaderNodeColorConstant" id=1]
constant = Color( 0.537109, 0.264359, 0, 1 )

[sub_resource type="VisualShaderNodeColorConstant" id=2]
constant = Color( 0, 0, 0, 1 )

[sub_resource type="VisualShaderNodeColorConstant" id=3]

[sub_resource type="VisualShader" id=4]
code = "shader_type spatial;
render_mode specular_schlick_ggx;




void vertex() {
// Output:0

}

void fragment() {
// Color:2
	vec3 n_out2p0 = vec3(0.537109, 0.264359, 0.000000);
	float n_out2p1 = 1.000000;

// Color:3
	vec3 n_out3p0 = vec3(0.000000, 0.000000, 0.000000);
	float n_out3p1 = 1.000000;

// Color:4
	vec3 n_out4p0 = vec3(1.000000, 1.000000, 1.000000);
	float n_out4p1 = 1.000000;

// Output:0
	ALBEDO = n_out2p0;
	METALLIC = dot(n_out3p0, vec3(0.333333, 0.333333, 0.333333));
	ROUGHNESS = dot(n_out4p0, vec3(0.333333, 0.333333, 0.333333));

}

void light() {
// Output:0

}
"
graph_offset = Vector2( 0, 56 )
nodes/fragment/2/node = SubResource( 1 )
nodes/fragment/2/position = Vector2( 80, 80 )
nodes/fragment/3/node = SubResource( 2 )
nodes/fragment/3/position = Vector2( 80, 200 )
nodes/fragment/4/node = SubResource( 3 )
nodes/fragment/4/position = Vector2( 60, 320 )
nodes/fragment/connections = PoolIntArray( 2, 0, 0, 0, 3, 0, 0, 2, 4, 0, 0, 3 )

[sub_resource type="ShaderMaterial" id=5]
shader = SubResource( 4 )

[node name="Spatial" type="Spatial"]

[node name="ground" type="CSGBox" parent="."]
transform = Transform( 1, 0, 0, 0, 1, 0, 0, 0, 1, 0, -0.0362885, 0 )
width = 51.0
height = 0.0692927
depth = 50.2
material = SubResource( 5 )

[node name="kitchen" type="Spatial" parent="."]

[node name="sceneKitchenBar" parent="kitchen" instance=ExtResource( 3 )]
transform = Transform( 1, 0, 0, 0, 1, 0, 0, 0, 1, 12.2, 0, 5 )

[node name="sceneKitchenBar2" parent="kitchen" instance=ExtResource( 3 )]
transform = Transform( 1, 0, 0, 0, 1, 0, 0, 0, 1, 14.1, 0, 5 )

[node name="sceneKitchenBar3" parent="kitchen" instance=ExtResource( 3 )]
transform = Transform( 1, 0, 0, 0, 1, 0, 0, 0, 1, 16, 0, 5 )

[node name="sceneKitchenBar4" parent="kitchen" instance=ExtResource( 3 )]
transform = Transform( 1, 0, 0, 0, 1, 0, 0, 0, 1, 17.9, 0, 5 )

[node name="sceneKitchenBar5" parent="kitchen" instance=ExtResource( 3 )]
transform = Transform( 1, 0, 0, 0, 1, 0, 0, 0, 1, 19.8, 0, 5 )

[node name="sceneKitchenBar6" parent="kitchen" instance=ExtResource( 3 )]
transform = Transform( 1, 0, 0, 0, 1, 0, 0, 0, 1, 21.7, 0, 5 )

[node name="sceneKitchenBar7" parent="kitchen" instance=ExtResource( 3 )]
transform = Transform( 1, 0, 0, 0, 1, 0, 0, 0, 1, 23.6, 0, 5 )

[node name="sceneKitchenBar8" parent="kitchen" instance=ExtResource( 3 )]
transform = Transform( 1, 0, 0, 0, 1, 0, 0, 0, 1, 25.5, 0, 5 )

[node name="sceneKitchenBar9" parent="kitchen" instance=ExtResource( 3 )]
transform = Transform( -4.37114e-08, 0, -1, 0, 1, 0, 1, 0, -4.37114e-08, 11.318, 0, 7.979 )

[node name="sceneKitchenBar10" parent="kitchen" instance=ExtResource( 3 )]
transform = Transform( -4.37114e-08, 0, -1, 0, 1, 0, 1, 0, -4.37114e-08, 11.318, 0, 9.879 )

[node name="sceneKitchenBar11" parent="kitchen" instance=ExtResource( 3 )]
transform = Transform( -4.37114e-08, 0, -1, 0, 1, 0, 1, 0, -4.37114e-08, 11.318, 0, 11.779 )

[node name="sceneKitchenBar12" parent="kitchen" instance=ExtResource( 3 )]
transform = Transform( -4.37114e-08, 0, -1, 0, 1, 0, 1, 0, -4.37114e-08, 11.318, 0, 13.679 )

[node name="sceneKitchenBar13" parent="kitchen" instance=ExtResource( 3 )]
transform = Transform( -4.37114e-08, 0, -1, 0, 1, 0, 1, 0, -4.37114e-08, 11.318, 0, 15.579 )

[node name="sceneKitchenBar14" parent="kitchen" instance=ExtResource( 3 )]
transform = Transform( -4.37114e-08, 0, -1, 0, 1, 0, 1, 0, -4.37114e-08, 11.318, 0, 17.479 )

[node name="sceneKitchenBar15" parent="kitchen" instance=ExtResource( 3 )]
transform = Transform( -4.37114e-08, 0, -1, 0, 1, 0, 1, 0, -4.37114e-08, 11.318, 0, 19.379 )

[node name="sceneKitchenBar16" parent="kitchen" instance=ExtResource( 3 )]
transform = Transform( -4.37114e-08, 0, -1, 0, 1, 0, 1, 0, -4.37114e-08, 11.318, 0, 21.279 )

[node name="sceneKitchenBar17" parent="kitchen" instance=ExtResource( 3 )]
transform = Transform( -4.37114e-08, 0, -1, 0, 1, 0, 1, 0, -4.37114e-08, 11.318, 0, 23.179 )

[node name="sceneKitchenBar18" parent="kitchen" instance=ExtResource( 3 )]
transform = Transform( -4.37114e-08, 0, -1, 0, 1, 0, 1, 0, -4.37114e-08, 11.318, 0, 25.079 )

[node name="tables" type="Spatial" parent="."]

[node name="sceneTable" parent="tables" instance=ExtResource( 1 )]
transform = Transform( 1, 0, 0, 0, 1, 0, 0, 0, 1, -2.98613, 0, 12 )

[node name="sceneTable2" parent="tables" instance=ExtResource( 1 )]
transform = Transform( 1, 0, 0, 0, 1, 0, 0, 0, 1, -11.7688, 0, 17.5485 )

[node name="sceneTable3" parent="tables" instance=ExtResource( 1 )]
transform = Transform( 1, 0, 0, 0, 1, 0, 0, 0, 1, -2.98613, 0, -2 )

[node name="sceneTable4" parent="tables" instance=ExtResource( 1 )]
transform = Transform( 1, 0, 0, 0, 1, 0, 0, 0, 1, -7.98613, 0, -13 )

[node name="sceneTable5" parent="tables" instance=ExtResource( 1 )]
transform = Transform( 1, 0, 0, 0, 1, 0, 0, 0, 1, -12.9861, 0, 5 )

[node name="sceneTable6" parent="tables" instance=ExtResource( 1 )]
transform = Transform( 1, 0, 0, 0, 1, 0, 0, 0, 1, -20.9861, 0, -2 )

[node name="sceneTable7" parent="tables" instance=ExtResource( 1 )]
transform = Transform( 1, 0, 0, 0, 1, 0, 0, 0, 1, -18.9861, 0, -15 )

[node name="sceneTable8" parent="tables" instance=ExtResource( 1 )]
transform = Transform( 1, 0, 0, 0, 1, 0, 0, 0, 1, -19.9861, 0, 13 )

[node name="sceneTable9" parent="tables" instance=ExtResource( 1 )]
transform = Transform( 1, 0, 0, 0, 1, 0, 0, 0, 1, 4.01387, 0, -20 )

[node name="sceneTable10" parent="tables" instance=ExtResource( 1 )]
transform = Transform( 1, 0, 0, 0, 1, 0, 0, 0, 1, 19.0139, 0, -19 )

[node name="sceneTable11" parent="tables" instance=ExtResource( 1 )]
transform = Transform( 1, 0, 0, 0, 1, 0, 0, 0, 1, 12.0139, 0, -6 )

[node name="sceneCustomerManager" parent="." instance=ExtResource( 4 )]

[node name="sceneCustomer" parent="sceneCustomerManager" instance=ExtResource( 2 )]
transform = Transform( 1, 0, 0, 0, 1, 0, 0, 0, 1, -2.98613, 0, 8.28632 )

[node name="sceneCustomer2" parent="sceneCustomerManager" instance=ExtResource( 2 )]
transform = Transform( 1, 0, 0, 0, 1, 0, 0, 0, 1, 2.74724, 0, 4.68046 )
CharacterType = "Orc"

[node name="sceneCustomer3" parent="sceneCustomerManager" instance=ExtResource( 2 )]
pause_mode = 1
transform = Transform( -0.860689, 0, 0.509132, 0, 1, 0, -0.509132, 0, -0.860689, -2.98613, 0, 15.3047 )
CharacterType = "Woman"

[node name="sceneCustomer4" parent="sceneCustomerManager" instance=ExtResource( 2 )]
pause_mode = 1
transform = Transform( -0.860689, 0, 0.509132, 0, 1, 0, -0.509132, 0, -0.860689, -14.4003, 0, 7.90833 )
CharacterType = "Orc"

[node name="sceneCustomer5" parent="sceneCustomerManager" instance=ExtResource( 2 )]
pause_mode = 1
transform = Transform( -0.860689, 0, 0.509132, 0, 1, 0, -0.509132, 0, -0.860689, -20.4129, 0, -13.3329 )
CharacterType = "Woman"

[node name="sceneCustomer6" parent="sceneCustomerManager" instance=ExtResource( 2 )]
pause_mode = 1
transform = Transform( 0.0913278, 0, 0.995821, 0, 1, 0, -0.995821, 0, 0.0913278, -24.2, 0, -3.08953 )
CharacterType = "Orc"

[node name="sceneCustomer7" parent="sceneCustomerManager" instance=ExtResource( 2 )]
pause_mode = 1
transform = Transform( 0.0913278, 0, 0.995821, 0, 1, 0, -0.995821, 0, 0.0913278, -11.1135, 0, -12.7709 )

[node name="sceneCustomer8" parent="sceneCustomerManager" instance=ExtResource( 2 )]
pause_mode = 1
transform = Transform( 0.0913278, 0, 0.995821, 0, 1, 0, -0.995821, 0, 0.0913278, 1.12365, 0, -20.4983 )
CharacterType = "Woman"

[node name="sceneCustomer9" parent="sceneCustomerManager" instance=ExtResource( 2 )]
pause_mode = 1
transform = Transform( 0.0913278, 0, 0.995821, 0, 1, 0, -0.995821, 0, 0.0913278, -14.9345, 0, 17.1119 )
CharacterType = "WomanAlternative"

[node name="sceneCustomer10" parent="sceneCustomerManager" instance=ExtResource( 2 )]
pause_mode = 1
transform = Transform( -0.916656, 0, 0.399677, 0, 1, 0, -0.399677, 0, -0.916656, -21.7679, 0, 14.4104 )
CharacterType = "Orc"

[node name="sceneCustomer11" parent="sceneCustomerManager" instance=ExtResource( 2 )]
pause_mode = 1
transform = Transform( -0.916656, 0, 0.399677, 0, 1, 0, -0.399677, 0, -0.916656, 11.0335, 0, -3.57331 )

[node name="sceneCustomer12" parent="sceneCustomerManager" instance=ExtResource( 2 )]
pause_mode = 1
transform = Transform( 0.866025, 0, -0.5, 0, 1, 0, 0.5, 0, 0.866025, 13.3087, 4.76837e-07, -8.27427 )
CharacterType = "Woman"

[node name="sceneCustomer13" parent="sceneCustomerManager" instance=ExtResource( 2 )]
pause_mode = 1
transform = Transform( 0.866025, 0, -0.5, 0, 1, 0, 0.5, 0, 0.866025, 20.5812, 1.43051e-06, -21.7242 )
CharacterType = "Orc"

[node name="sceneCustomer14" parent="sceneCustomerManager" instance=ExtResource( 2 )]
pause_mode = 1
transform = Transform( -0.903619, 0, 0.428336, 0, 1, 0, -0.428336, 0, -0.903619, 16.3937, 1.43051e-06, -16.6232 )
CharacterType = "ManAlternative"

[node name="sceneCustomer15" parent="sceneCustomerManager" instance=ExtResource( 2 )]
pause_mode = 1
transform = Transform( -0.903619, 0, 0.428336, 0, 1, 0, -0.428336, 0, -0.903619, -4.83543, 1.43051e-06, 0.336116 )

[node name="sceneCustomer16" parent="sceneCustomerManager" instance=ExtResource( 2 )]
pause_mode = 1
transform = Transform( 0.781292, 0, -0.624166, 0, 1, 0, 0.624166, 0, 0.781292, -1.40874, 1.43051e-06, -4.23995 )
CharacterType = "Orc"

[node name="sceneCustomer17" parent="sceneCustomerManager" instance=ExtResource( 2 )]
pause_mode = 1
transform = Transform( 0.781292, 0, -0.624166, 0, 1, 0, 0.624166, 0, 0.781292, -18.8323, 1.43051e-06, -3.84203 )
CharacterType = "Woman"

[node name="Camera" type="Camera" parent="."]
transform = Transform( 0.794404, 0, -0.60739, 0, 1, 0, 0.60739, 0, 0.794404, -7.14691, 3.4937, 9.41818 )
